              precision    recall  f1-score   support

           0     1.0000    1.0000    1.0000         2
           1     1.0000    0.5000    0.6667         2
           2     1.0000    0.5000    0.6667         2
           3     1.0000    1.0000    1.0000         2
           4     1.0000    0.5000    0.6667         2
           5     1.0000    0.5000    0.6667         2
           6     1.0000    1.0000    1.0000         2
           7     0.0000    0.0000    0.0000         2
           8     1.0000    1.0000    1.0000         2
           9     1.0000    1.0000    1.0000         2
          10     0.6667    1.0000    0.8000         2
          11     1.0000    1.0000    1.0000         2
          12     1.0000    0.5000    0.6667         2
          13     1.0000    0.5000    0.6667         2
          14     0.0000    0.0000    0.0000         2
          15     1.0000    1.0000    1.0000         2
          16     1.0000    0.5000    0.6667         2
          17     1.0000    1.0000    1.0000         2
          18     1.0000    0.5000    0.6667         2
          19     1.0000    0.5000    0.6667         2
          20     1.0000    1.0000    1.0000         2
          21     0.5000    0.5000    0.5000         2
          22     1.0000    1.0000    1.0000         2
          23     0.0000    0.0000    0.0000         2
          24     0.6667    1.0000    0.8000         2
          25     0.0000    0.0000    0.0000         2
          26     0.6667    1.0000    0.8000         2
          27     1.0000    1.0000    1.0000         2
          28     0.6667    1.0000    0.8000         2
          29     1.0000    1.0000    1.0000         2
          30     1.0000    0.5000    0.6667         2
          31     1.0000    0.5000    0.6667         2
          32     1.0000    1.0000    1.0000         2
          33     0.6667    1.0000    0.8000         2
          34     1.0000    0.5000    0.6667         2
          35     1.0000    1.0000    1.0000         2
          36     0.6667    1.0000    0.8000         2
          37     0.1667    0.5000    0.2500         2
          38     1.0000    1.0000    1.0000         2
          39     1.0000    1.0000    1.0000         2
          40     0.0769    0.5000    0.1333         2
          41     1.0000    1.0000    1.0000         2
          42     1.0000    1.0000    1.0000         2
          43     0.0000    0.0000    0.0000         2
          44     1.0000    1.0000    1.0000         2
          45     0.0000    0.0000    0.0000         2
          46     1.0000    1.0000    1.0000         2
          47     0.0000    0.0000    0.0000         2
          48     1.0000    1.0000    1.0000         2
          49     1.0000    0.5000    0.6667         2
          50     1.0000    0.5000    0.6667         2
          51     0.6667    1.0000    0.8000         2
          52     1.0000    0.5000    0.6667         2
          53     0.6667    1.0000    0.8000         2
          54     0.6667    1.0000    0.8000         2
          55     0.0000    0.0000    0.0000         2
          56     0.0000    0.0000    0.0000         2
          57     1.0000    1.0000    1.0000         2
          58     1.0000    1.0000    1.0000         2
          59     1.0000    1.0000    1.0000         2
          60     0.0000    0.0000    0.0000         2
          61     0.6667    1.0000    0.8000         2
          62     0.0000    0.0000    0.0000         2
          63     1.0000    0.5000    0.6667         2
          64     0.0000    0.0000    0.0000         2
          65     0.6667    1.0000    0.8000         2
          66     0.6667    1.0000    0.8000         2
          67     1.0000    1.0000    1.0000         2
          68     0.6667    1.0000    0.8000         2
          69     0.6667    1.0000    0.8000         2
          70     1.0000    1.0000    1.0000         2
          71     1.0000    1.0000    1.0000         2
          72     1.0000    1.0000    1.0000         2
          73     0.5000    1.0000    0.6667         2
          74     0.5000    1.0000    0.6667         2
          75     1.0000    0.5000    0.6667         2
          76     0.6667    1.0000    0.8000         2
          77     0.5000    0.5000    0.5000         2
          78     0.6667    1.0000    0.8000         2
          79     0.6667    1.0000    0.8000         2
          80     1.0000    1.0000    1.0000         2
          81     1.0000    0.5000    0.6667         2
          82     1.0000    1.0000    1.0000         2
          83     1.0000    1.0000    1.0000         2
          84     0.6667    1.0000    0.8000         2
          85     1.0000    0.5000    0.6667         2
          86     0.6667    1.0000    0.8000         2
          87     0.5000    1.0000    0.6667         2
          88     0.6667    1.0000    0.8000         2
          89     1.0000    1.0000    1.0000         2
          90     0.5000    0.5000    0.5000         2
          91     1.0000    0.5000    0.6667         2
          92     1.0000    1.0000    1.0000         2
          93     0.3333    0.5000    0.4000         2
          94     0.6667    1.0000    0.8000         2
          95     0.5000    0.5000    0.5000         2
          96     1.0000    1.0000    1.0000         2
          97     1.0000    1.0000    1.0000         2
          98     1.0000    1.0000    1.0000         2
          99     0.6667    1.0000    0.8000         2
         100     1.0000    1.0000    1.0000         2
         101     0.0000    0.0000    0.0000         2
         102     0.0000    0.0000    0.0000         2
         103     1.0000    1.0000    1.0000         2
         104     1.0000    1.0000    1.0000         2
         105     0.5000    1.0000    0.6667         2
         106     1.0000    0.5000    0.6667         2
         107     1.0000    1.0000    1.0000         2
         108     1.0000    1.0000    1.0000         2
         109     1.0000    1.0000    1.0000         2
         110     0.6667    1.0000    0.8000         2
         111     0.0000    0.0000    0.0000         2
         112     1.0000    0.5000    0.6667         2
         113     0.5000    0.5000    0.5000         2
         114     1.0000    0.5000    0.6667         2
         115     1.0000    1.0000    1.0000         2
         116     1.0000    1.0000    1.0000         2
         117     0.0000    0.0000    0.0000         2
         118     1.0000    1.0000    1.0000         2
         119     1.0000    1.0000    1.0000         2
         120     1.0000    1.0000    1.0000         2
         121     1.0000    1.0000    1.0000         2
         122     1.0000    1.0000    1.0000         2
         123     1.0000    1.0000    1.0000         2
         124     0.6667    1.0000    0.8000         2
         125     0.6667    1.0000    0.8000         2
         126     0.0000    0.0000    0.0000         2
         127     1.0000    1.0000    1.0000         2
         128     1.0000    1.0000    1.0000         2
         129     1.0000    0.5000    0.6667         2
         130     1.0000    1.0000    1.0000         2
         131     1.0000    1.0000    1.0000         2
         132     1.0000    0.5000    0.6667         2
         133     1.0000    1.0000    1.0000         2
         134     0.0000    0.0000    0.0000         2
         135     1.0000    1.0000    1.0000         2
         136     1.0000    1.0000    1.0000         2
         137     0.2500    0.5000    0.3333         2
         138     1.0000    1.0000    1.0000         2
         139     0.6667    1.0000    0.8000         2
         140     0.5000    1.0000    0.6667         2
         141     0.0000    0.0000    0.0000         2
         142     1.0000    1.0000    1.0000         2
         143     0.5000    0.5000    0.5000         2
         144     1.0000    1.0000    1.0000         2
         145     0.0000    0.0000    0.0000         2
         146     1.0000    1.0000    1.0000         2
         147     0.0000    0.0000    0.0000         2
         148     1.0000    0.5000    0.6667         2
         149     0.0000    0.0000    0.0000         2
         150     1.0000    1.0000    1.0000         2
         151     1.0000    0.5000    0.6667         2
         152     0.6667    1.0000    0.8000         2
         153     0.6667    1.0000    0.8000         2
         154     1.0000    1.0000    1.0000         2
         155     1.0000    0.5000    0.6667         2
         156     0.6667    1.0000    0.8000         2
         157     0.4000    1.0000    0.5714         2
         158     1.0000    1.0000    1.0000         2
         159     0.5000    0.5000    0.5000         2
         160     1.0000    1.0000    1.0000         2
         161     0.5000    0.5000    0.5000         2
         162     0.5000    1.0000    0.6667         2
         163     0.6667    1.0000    0.8000         2
         164     0.0000    0.0000    0.0000         2
         165     0.6667    1.0000    0.8000         2
         166     1.0000    0.5000    0.6667         2
         167     1.0000    0.5000    0.6667         2
         168     1.0000    0.5000    0.6667         2
         169     0.5000    0.5000    0.5000         2
         170     1.0000    1.0000    1.0000         2
         171     1.0000    0.5000    0.6667         2
         172     1.0000    0.5000    0.6667         2
         173     1.0000    1.0000    1.0000         2
         174     1.0000    1.0000    1.0000         2
         175     0.6667    1.0000    0.8000         2
         176     1.0000    0.5000    0.6667         2
         177     0.5000    0.5000    0.5000         2
         178     0.0000    0.0000    0.0000         2
         179     1.0000    1.0000    1.0000         2
         180     0.4000    1.0000    0.5714         2
         181     1.0000    0.5000    0.6667         2
         182     0.0000    0.0000    0.0000         2
         183     0.3333    0.5000    0.4000         2
         184     0.6667    1.0000    0.8000         2
         185     1.0000    0.5000    0.6667         2
         186     0.6667    1.0000    0.8000         2
         187     1.0000    1.0000    1.0000         2
         188     0.5000    1.0000    0.6667         2
         189     0.6667    1.0000    0.8000         2
         190     1.0000    1.0000    1.0000         2
         191     0.6667    1.0000    0.8000         2
         192     1.0000    0.5000    0.6667         2
         193     1.0000    1.0000    1.0000         2
         194     1.0000    0.5000    0.6667         2
         195     1.0000    1.0000    1.0000         2
         196     1.0000    0.5000    0.6667         2
         197     1.0000    1.0000    1.0000         2
         198     1.0000    0.5000    0.6667         2
         199     0.6667    1.0000    0.8000         2
         200     0.3333    0.5000    0.4000         2
         201     0.5000    1.0000    0.6667         2
         202     0.5000    0.5000    0.5000         2
         203     1.0000    1.0000    1.0000         2
         204     0.6667    1.0000    0.8000         2
         205     1.0000    0.5000    0.6667         2
         206     1.0000    1.0000    1.0000         2
         207     0.5000    0.5000    0.5000         2
         208     1.0000    0.5000    0.6667         2
         209     1.0000    1.0000    1.0000         2
         210     1.0000    0.5000    0.6667         2
         211     0.0000    0.0000    0.0000         2
         212     0.5000    0.5000    0.5000         2
         213     1.0000    1.0000    1.0000         2
         214     1.0000    1.0000    1.0000         2
         215     0.0000    0.0000    0.0000         2
         216     1.0000    0.5000    0.6667         2
         217     1.0000    1.0000    1.0000         2
         218     1.0000    1.0000    1.0000         2
         219     1.0000    1.0000    1.0000         2
         220     1.0000    1.0000    1.0000         2
         221     1.0000    0.5000    0.6667         2
         222     0.5000    0.5000    0.5000         2
         223     1.0000    1.0000    1.0000         2
         224     0.5000    0.5000    0.5000         2
         225     0.6667    1.0000    0.8000         2
         226     0.6667    1.0000    0.8000         2
         227     0.0000    0.0000    0.0000         2
         228     0.0000    0.0000    0.0000         2
         229     1.0000    1.0000    1.0000         2
         230     1.0000    1.0000    1.0000         2
         231     1.0000    0.5000    0.6667         2
         232     1.0000    1.0000    1.0000         2
         233     1.0000    1.0000    1.0000         2
         234     1.0000    1.0000    1.0000         2
         235     0.0000    0.0000    0.0000         2
         236     1.0000    1.0000    1.0000         2
         237     0.6667    1.0000    0.8000         2
         238     1.0000    1.0000    1.0000         2
         239     0.0000    0.0000    0.0000         2
         240     1.0000    1.0000    1.0000         2
         241     1.0000    0.5000    0.6667         2
         242     0.6667    1.0000    0.8000         2
         243     1.0000    0.5000    0.6667         2
         244     1.0000    1.0000    1.0000         2
         245     0.2500    0.5000    0.3333         2
         246     1.0000    1.0000    1.0000         2
         247     1.0000    1.0000    1.0000         2
         248     0.0000    0.0000    0.0000         2
         249     0.0000    0.0000    0.0000         2
         250     1.0000    1.0000    1.0000         2
         251     0.5000    0.5000    0.5000         2
         252     0.0000    0.0000    0.0000         2
         253     0.4000    1.0000    0.5714         2
         254     1.0000    1.0000    1.0000         2
         255     1.0000    1.0000    1.0000         2
         256     0.6667    1.0000    0.8000         2
         257     1.0000    0.5000    0.6667         2
         258     1.0000    1.0000    1.0000         2
         259     1.0000    1.0000    1.0000         2
         260     1.0000    0.5000    0.6667         2
         261     1.0000    1.0000    1.0000         2
         262     0.3333    0.5000    0.4000         2
         263     1.0000    1.0000    1.0000         2
         264     1.0000    1.0000    1.0000         2
         265     0.6667    1.0000    0.8000         2
         266     1.0000    1.0000    1.0000         2
         267     0.0000    0.0000    0.0000         2
         268     1.0000    1.0000    1.0000         2
         269     1.0000    0.5000    0.6667         2
         270     1.0000    0.5000    0.6667         2
         271     1.0000    0.5000    0.6667         2
         272     0.0000    0.0000    0.0000         2
         273     0.0000    0.0000    0.0000         2
         274     1.0000    1.0000    1.0000         2
         275     1.0000    1.0000    1.0000         2
         276     0.0000    0.0000    0.0000         2
         277     1.0000    1.0000    1.0000         2
         278     1.0000    0.5000    0.6667         2
         279     1.0000    1.0000    1.0000         2
         280     0.6667    1.0000    0.8000         2
         281     1.0000    1.0000    1.0000         2
         282     0.6667    1.0000    0.8000         2
         283     0.5000    0.5000    0.5000         2
         284     1.0000    1.0000    1.0000         2
         285     1.0000    1.0000    1.0000         2
         286     1.0000    1.0000    1.0000         2
         287     1.0000    1.0000    1.0000         2
         288     1.0000    1.0000    1.0000         2
         289     0.0000    0.0000    0.0000         2
         290     1.0000    1.0000    1.0000         2
         291     0.6667    1.0000    0.8000         2
         292     1.0000    1.0000    1.0000         2
         293     1.0000    1.0000    1.0000         2
         294     1.0000    1.0000    1.0000         2
         295     1.0000    1.0000    1.0000         2
         296     0.0000    0.0000    0.0000         2
         297     0.6667    1.0000    0.8000         2
         298     1.0000    0.5000    0.6667         2
         299     1.0000    0.5000    0.6667         2
         300     1.0000    0.5000    0.6667         2
         301     0.3333    0.5000    0.4000         2
         302     1.0000    1.0000    1.0000         2
         303     0.5000    1.0000    0.6667         2
         304     0.0000    0.0000    0.0000         2
         305     1.0000    1.0000    1.0000         2
         306     1.0000    1.0000    1.0000         2
         307     1.0000    0.5000    0.6667         2
         308     0.0000    0.0000    0.0000         2
         309     0.5000    1.0000    0.6667         2
         310     1.0000    1.0000    1.0000         2
         311     0.5000    0.5000    0.5000         2
         312     0.6667    1.0000    0.8000         2
         313     1.0000    1.0000    1.0000         2
         314     1.0000    0.5000    0.6667         2
         315     1.0000    1.0000    1.0000         2
         316     0.0000    0.0000    0.0000         2
         317     0.0000    0.0000    0.0000         2
         318     0.6667    1.0000    0.8000         2
         319     0.6667    1.0000    0.8000         2
         320     1.0000    0.5000    0.6667         2
         321     1.0000    1.0000    1.0000         2
         322     1.0000    1.0000    1.0000         2
         323     1.0000    0.5000    0.6667         2
         324     0.6667    1.0000    0.8000         2
         325     1.0000    1.0000    1.0000         2
         326     0.0000    0.0000    0.0000         2
         327     1.0000    0.5000    0.6667         2
         328     1.0000    1.0000    1.0000         2
         329     1.0000    1.0000    1.0000         2
         330     1.0000    0.5000    0.6667         2
         331     0.6667    1.0000    0.8000         2
         332     0.4000    1.0000    0.5714         2
         333     1.0000    1.0000    1.0000         2
         334     0.6667    1.0000    0.8000         2
         335     1.0000    1.0000    1.0000         2
         336     0.0000    0.0000    0.0000         2
         337     0.6667    1.0000    0.8000         2
         338     0.2500    0.5000    0.3333         2
         339     1.0000    1.0000    1.0000         2
         340     0.6667    1.0000    0.8000         2
         341     0.6667    1.0000    0.8000         2
         342     1.0000    1.0000    1.0000         2
         343     0.6667    1.0000    0.8000         2
         344     1.0000    1.0000    1.0000         2
         345     1.0000    1.0000    1.0000         2
         346     0.0000    0.0000    0.0000         2
         347     0.0000    0.0000    0.0000         2
         348     1.0000    0.5000    0.6667         2
         349     0.5000    0.5000    0.5000         2
         350     1.0000    1.0000    1.0000         2
         351     1.0000    1.0000    1.0000         2
         352     1.0000    1.0000    1.0000         2
         353     1.0000    1.0000    1.0000         2
         354     1.0000    1.0000    1.0000         2
         355     1.0000    1.0000    1.0000         2
         356     1.0000    1.0000    1.0000         2
         357     1.0000    1.0000    1.0000         2
         358     1.0000    1.0000    1.0000         2
         359     0.5000    1.0000    0.6667         2
         360     1.0000    1.0000    1.0000         2
         361     1.0000    1.0000    1.0000         2
         362     0.6667    1.0000    0.8000         2
         363     0.5000    0.5000    0.5000         2
         364     1.0000    1.0000    1.0000         2
         365     0.6667    1.0000    0.8000         2
         366     1.0000    1.0000    1.0000         2
         367     0.0000    0.0000    0.0000         2
         368     0.5000    1.0000    0.6667         2
         369     0.6667    1.0000    0.8000         2
         370     0.5000    0.5000    0.5000         2
         371     1.0000    1.0000    1.0000         2
         372     1.0000    1.0000    1.0000         2
         373     1.0000    1.0000    1.0000         2
         374     0.5000    1.0000    0.6667         2
         375     0.0000    0.0000    0.0000         2
         376     0.5000    0.5000    0.5000         2
         377     1.0000    1.0000    1.0000         2
         378     1.0000    1.0000    1.0000         2
         379     1.0000    1.0000    1.0000         2
         380     0.5000    0.5000    0.5000         2
         381     0.3333    1.0000    0.5000         2
         382     0.6667    1.0000    0.8000         2
         383     0.0000    0.0000    0.0000         2
         384     1.0000    0.5000    0.6667         2
         385     1.0000    1.0000    1.0000         2
         386     1.0000    0.5000    0.6667         2
         387     0.6667    1.0000    0.8000         2
         388     0.6667    1.0000    0.8000         2
         389     1.0000    1.0000    1.0000         2
         390     0.5000    1.0000    0.6667         2
         391     1.0000    1.0000    1.0000         2
         392     1.0000    1.0000    1.0000         2
         393     1.0000    1.0000    1.0000         2
         394     1.0000    0.5000    0.6667         2
         395     1.0000    1.0000    1.0000         2
         396     0.2500    0.5000    0.3333         2
         397     0.0000    0.0000    0.0000         2
         398     0.0000    0.0000    0.0000         2
         399     1.0000    1.0000    1.0000         2
         400     1.0000    1.0000    1.0000         2
         401     1.0000    1.0000    1.0000         2
         402     1.0000    1.0000    1.0000         2
         403     1.0000    1.0000    1.0000         2
         404     1.0000    1.0000    1.0000         2
         405     1.0000    1.0000    1.0000         2
         406     1.0000    1.0000    1.0000         2
         407     1.0000    1.0000    1.0000         2
         408     0.0000    0.0000    0.0000         2
         409     1.0000    1.0000    1.0000         2
         410     0.5000    0.5000    0.5000         2
         411     0.0000    0.0000    0.0000         2
         412     1.0000    1.0000    1.0000         2
         413     0.6667    1.0000    0.8000         2
         414     0.5000    0.5000    0.5000         2
         415     1.0000    1.0000    1.0000         2
         416     1.0000    1.0000    1.0000         2
         417     0.5000    0.5000    0.5000         2
         418     1.0000    1.0000    1.0000         2
         419     0.5000    0.5000    0.5000         2
         420     1.0000    1.0000    1.0000         2
         421     1.0000    0.5000    0.6667         2
         422     0.6667    1.0000    0.8000         2
         423     1.0000    1.0000    1.0000         2
         424     1.0000    0.5000    0.6667         2
         425     1.0000    0.5000    0.6667         2
         426     0.0000    0.0000    0.0000         2
         427     1.0000    1.0000    1.0000         2
         428     1.0000    1.0000    1.0000         2
         429     0.0000    0.0000    0.0000         2
         430     0.5000    0.5000    0.5000         2
         431     0.4000    1.0000    0.5714         2
         432     1.0000    0.5000    0.6667         2
         433     1.0000    1.0000    1.0000         2
         434     1.0000    0.5000    0.6667         2
         435     0.5000    0.5000    0.5000         2
         436     0.0000    0.0000    0.0000         2
         437     1.0000    1.0000    1.0000         2
         438     1.0000    1.0000    1.0000         2
         439     1.0000    1.0000    1.0000         2
         440     0.0000    0.0000    0.0000         2
         441     1.0000    1.0000    1.0000         2
         442     0.5000    0.5000    0.5000         2
         443     1.0000    0.5000    0.6667         2
         444     1.0000    0.5000    0.6667         2
         445     1.0000    0.5000    0.6667         2
         446     1.0000    1.0000    1.0000         2
         447     1.0000    0.5000    0.6667         2
         448     1.0000    1.0000    1.0000         2
         449     1.0000    0.5000    0.6667         2
         450     1.0000    0.5000    0.6667         2
         451     1.0000    1.0000    1.0000         2
         452     1.0000    1.0000    1.0000         2
         453     1.0000    1.0000    1.0000         2
         454     0.6667    1.0000    0.8000         2
         455     1.0000    1.0000    1.0000         2
         456     0.6667    1.0000    0.8000         2
         457     0.5000    1.0000    0.6667         2
         458     0.6667    1.0000    0.8000         2
         459     1.0000    1.0000    1.0000         2
         460     1.0000    1.0000    1.0000         2
         461     0.5000    1.0000    0.6667         2
         462     1.0000    0.5000    0.6667         2
         463     1.0000    1.0000    1.0000         2
         464     0.6667    1.0000    0.8000         2
         465     1.0000    1.0000    1.0000         2
         466     1.0000    1.0000    1.0000         2
         467     0.0000    0.0000    0.0000         2
         468     0.6667    1.0000    0.8000         2
         469     1.0000    1.0000    1.0000         2
         470     0.6667    1.0000    0.8000         2
         471     0.2222    1.0000    0.3636         2
         472     0.6667    1.0000    0.8000         2
         473     0.6667    1.0000    0.8000         2
         474     0.6667    1.0000    0.8000         2
         475     1.0000    1.0000    1.0000         2
         476     1.0000    1.0000    1.0000         2
         477     0.6667    1.0000    0.8000         2
         478     1.0000    0.5000    0.6667         2
         479     1.0000    0.5000    0.6667         2
         480     0.6667    1.0000    0.8000         2
         481     0.0000    0.0000    0.0000         2
         482     1.0000    1.0000    1.0000         2
         483     0.6667    1.0000    0.8000         2
         484     0.0000    0.0000    0.0000         2
         485     0.6667    1.0000    0.8000         2
         486     1.0000    1.0000    1.0000         2
         487     1.0000    1.0000    1.0000         2
         488     1.0000    1.0000    1.0000         2
         489     1.0000    1.0000    1.0000         2
         490     0.0000    0.0000    0.0000         2
         491     1.0000    1.0000    1.0000         2
         492     1.0000    1.0000    1.0000         2
         493     1.0000    1.0000    1.0000         2
         494     1.0000    1.0000    1.0000         2
         495     0.0000    0.0000    0.0000         2
         496     1.0000    0.5000    0.6667         2
         497     1.0000    1.0000    1.0000         2
         498     0.6667    1.0000    0.8000         2
         499     1.0000    1.0000    1.0000         2
         500     1.0000    0.5000    0.6667         2
         501     1.0000    1.0000    1.0000         2
         502     0.5000    1.0000    0.6667         2
         503     0.3333    0.5000    0.4000         2
         504     1.0000    0.5000    0.6667         2
         505     1.0000    0.5000    0.6667         2
         506     1.0000    1.0000    1.0000         2
         507     0.3333    0.5000    0.4000         2
         508     1.0000    0.5000    0.6667         2
         509     1.0000    1.0000    1.0000         2
         510     0.6667    1.0000    0.8000         2
         511     1.0000    1.0000    1.0000         2
         512     1.0000    1.0000    1.0000         2
         513     0.5000    0.5000    0.5000         2
         514     1.0000    1.0000    1.0000         2
         515     1.0000    1.0000    1.0000         2
         516     1.0000    1.0000    1.0000         2
         517     0.0000    0.0000    0.0000         2
         518     1.0000    1.0000    1.0000         2
         519     0.5000    1.0000    0.6667         2
         520     1.0000    1.0000    1.0000         2
         521     0.5000    1.0000    0.6667         2
         522     1.0000    0.5000    0.6667         2
         523     1.0000    1.0000    1.0000         2
         524     1.0000    0.5000    0.6667         2
         525     0.5000    0.5000    0.5000         2
         526     1.0000    1.0000    1.0000         2
         527     1.0000    1.0000    1.0000         2
         528     1.0000    1.0000    1.0000         2
         529     1.0000    1.0000    1.0000         2
         530     1.0000    1.0000    1.0000         2
         531     1.0000    1.0000    1.0000         2
         532     0.6667    1.0000    0.8000         2
         533     0.6667    1.0000    0.8000         2
         534     0.5000    0.5000    0.5000         2
         535     1.0000    0.5000    0.6667         2
         536     0.6667    1.0000    0.8000         2
         537     0.6667    1.0000    0.8000         2
         538     0.0000    0.0000    0.0000         2
         539     0.0000    0.0000    0.0000         2
         540     1.0000    1.0000    1.0000         2
         541     1.0000    1.0000    1.0000         2
         542     1.0000    0.5000    0.6667         2
         543     1.0000    1.0000    1.0000         2
         544     1.0000    1.0000    1.0000         2
         545     1.0000    1.0000    1.0000         2
         546     0.6667    1.0000    0.8000         2
         547     1.0000    1.0000    1.0000         2
         548     1.0000    1.0000    1.0000         2
         549     1.0000    1.0000    1.0000         2
         550     0.6667    1.0000    0.8000         2
         551     1.0000    1.0000    1.0000         2
         552     1.0000    0.5000    0.6667         2
         553     1.0000    1.0000    1.0000         2
         554     0.0000    0.0000    0.0000         2
         555     1.0000    1.0000    1.0000         2
         556     0.5000    0.5000    0.5000         2
         557     1.0000    1.0000    1.0000         2
         558     1.0000    0.5000    0.6667         2
         559     1.0000    1.0000    1.0000         2
         560     1.0000    1.0000    1.0000         2
         561     1.0000    1.0000    1.0000         2
         562     0.6667    1.0000    0.8000         2
         563     1.0000    1.0000    1.0000         2
         564     0.0000    0.0000    0.0000         2
         565     1.0000    1.0000    1.0000         2
         566     1.0000    1.0000    1.0000         2
         567     1.0000    1.0000    1.0000         2
         568     1.0000    1.0000    1.0000         2
         569     1.0000    1.0000    1.0000         2
         570     1.0000    1.0000    1.0000         2
         571     1.0000    1.0000    1.0000         2
         572     1.0000    1.0000    1.0000         2
         573     1.0000    1.0000    1.0000         2
         574     1.0000    1.0000    1.0000         2
         575     1.0000    1.0000    1.0000         2
         576     0.5000    1.0000    0.6667         2
         577     0.5000    0.5000    0.5000         2
         578     1.0000    0.5000    0.6667         2
         579     1.0000    0.5000    0.6667         2
         580     1.0000    0.5000    0.6667         2
         581     1.0000    1.0000    1.0000         2
         582     0.3333    0.5000    0.4000         2
         583     1.0000    1.0000    1.0000         2
         584     1.0000    1.0000    1.0000         2
         585     1.0000    0.5000    0.6667         2
         586     1.0000    1.0000    1.0000         2
         587     1.0000    1.0000    1.0000         2
         588     1.0000    0.5000    0.6667         2
         589     0.0000    0.0000    0.0000         2
         590     0.0000    0.0000    0.0000         2
         591     0.0000    0.0000    0.0000         2
         592     1.0000    1.0000    1.0000         2
         593     0.0000    0.0000    0.0000         2
         594     0.2000    0.5000    0.2857         2
         595     1.0000    0.5000    0.6667         2
         596     0.3333    0.5000    0.4000         2
         597     1.0000    1.0000    1.0000         2
         598     1.0000    1.0000    1.0000         2
         599     0.6667    1.0000    0.8000         2
         600     0.2000    0.5000    0.2857         2
         601     1.0000    1.0000    1.0000         2
         602     1.0000    1.0000    1.0000         2
         603     1.0000    1.0000    1.0000         2
         604     1.0000    1.0000    1.0000         2
         605     1.0000    1.0000    1.0000         2
         606     0.5000    0.5000    0.5000         2
         607     1.0000    1.0000    1.0000         2
         608     1.0000    1.0000    1.0000         2
         609     1.0000    1.0000    1.0000         2
         610     0.6667    1.0000    0.8000         2
         611     0.5000    1.0000    0.6667         2
         612     1.0000    1.0000    1.0000         2
         613     1.0000    1.0000    1.0000         2
         614     1.0000    1.0000    1.0000         2
         615     1.0000    1.0000    1.0000         2
         616     1.0000    1.0000    1.0000         2
         617     1.0000    0.5000    0.6667         2
         618     1.0000    1.0000    1.0000         2
         619     1.0000    1.0000    1.0000         2
         620     1.0000    1.0000    1.0000         2
         621     0.0000    0.0000    0.0000         2
         622     0.6667    1.0000    0.8000         2
         623     1.0000    1.0000    1.0000         2
         624     1.0000    1.0000    1.0000         2
         625     0.0000    0.0000    0.0000         2
         626     1.0000    1.0000    1.0000         2
         627     0.4000    1.0000    0.5714         2
         628     0.6667    1.0000    0.8000         2
         629     1.0000    1.0000    1.0000         2
         630     1.0000    1.0000    1.0000         2
         631     0.6667    1.0000    0.8000         2
         632     0.5000    0.5000    0.5000         2
         633     1.0000    1.0000    1.0000         2
         634     1.0000    1.0000    1.0000         2
         635     1.0000    1.0000    1.0000         2
         636     1.0000    1.0000    1.0000         2
         637     1.0000    1.0000    1.0000         2
         638     1.0000    0.5000    0.6667         2
         639     1.0000    1.0000    1.0000         2
         640     1.0000    1.0000    1.0000         2
         641     1.0000    1.0000    1.0000         2
         642     0.5000    1.0000    0.6667         2
         643     0.6667    1.0000    0.8000         2
         644     1.0000    0.5000    0.6667         2
         645     1.0000    1.0000    1.0000         2
         646     1.0000    1.0000    1.0000         2
         647     0.6667    1.0000    0.8000         2
         648     1.0000    1.0000    1.0000         2
         649     0.6667    1.0000    0.8000         2
         650     0.6667    1.0000    0.8000         2
         651     1.0000    0.5000    0.6667         2
         652     1.0000    1.0000    1.0000         2
         653     0.6667    1.0000    0.8000         2
         654     1.0000    1.0000    1.0000         2
         655     0.0000    0.0000    0.0000         2
         656     0.6667    1.0000    0.8000         2
         657     0.6667    1.0000    0.8000         2
         658     0.5000    1.0000    0.6667         2
         659     0.6667    1.0000    0.8000         2
         660     1.0000    0.5000    0.6667         2
         661     0.0000    0.0000    0.0000         2
         662     0.0000    0.0000    0.0000         2
         663     0.5000    1.0000    0.6667         2
         664     1.0000    1.0000    1.0000         2
         665     0.6667    1.0000    0.8000         2
         666     1.0000    1.0000    1.0000         2
         667     0.0000    0.0000    0.0000         2
         668     0.6667    1.0000    0.8000         2
         669     0.5000    0.5000    0.5000         2
         670     1.0000    1.0000    1.0000         2
         671     1.0000    1.0000    1.0000         2
         672     0.0000    0.0000    0.0000         2
         673     0.6667    1.0000    0.8000         2
         674     1.0000    1.0000    1.0000         2
         675     1.0000    1.0000    1.0000         2
         676     1.0000    0.5000    0.6667         2
         677     1.0000    1.0000    1.0000         2
         678     1.0000    1.0000    1.0000         2
         679     1.0000    1.0000    1.0000         2
         680     0.6667    1.0000    0.8000         2
         681     0.5000    0.5000    0.5000         2
         682     1.0000    0.5000    0.6667         2
         683     1.0000    0.5000    0.6667         2
         684     1.0000    1.0000    1.0000         2
         685     1.0000    1.0000    1.0000         2
         686     1.0000    1.0000    1.0000         2
         687     1.0000    1.0000    1.0000         2
         688     1.0000    1.0000    1.0000         2
         689     1.0000    1.0000    1.0000         2
         690     0.0000    0.0000    0.0000         2
         691     1.0000    1.0000    1.0000         2
         692     1.0000    1.0000    1.0000         2
         693     0.0000    0.0000    0.0000         2
         694     1.0000    1.0000    1.0000         2
         695     1.0000    0.5000    0.6667         2
         696     0.0000    0.0000    0.0000         2
         697     0.6667    1.0000    0.8000         2
         698     1.0000    1.0000    1.0000         2
         699     1.0000    1.0000    1.0000         2
         700     1.0000    1.0000    1.0000         2
         701     1.0000    0.5000    0.6667         2
         702     1.0000    1.0000    1.0000         2
         703     0.0000    0.0000    0.0000         2
         704     1.0000    1.0000    1.0000         2
         705     1.0000    0.5000    0.6667         2
         706     1.0000    1.0000    1.0000         2
         707     1.0000    1.0000    1.0000         2
         708     1.0000    0.5000    0.6667         2
         709     0.5000    0.5000    0.5000         2
         710     1.0000    0.5000    0.6667         2
         711     1.0000    0.5000    0.6667         2
         712     0.6667    1.0000    0.8000         2
         713     0.6667    1.0000    0.8000         2
         714     1.0000    0.5000    0.6667         2
         715     0.4000    1.0000    0.5714         2
         716     0.5000    1.0000    0.6667         2
         717     1.0000    0.5000    0.6667         2
         718     1.0000    1.0000    1.0000         2
         719     0.6667    1.0000    0.8000         2
         720     1.0000    1.0000    1.0000         2
         721     1.0000    1.0000    1.0000         2
         722     1.0000    1.0000    1.0000         2
         723     1.0000    1.0000    1.0000         2
         724     1.0000    1.0000    1.0000         2
         725     0.6667    1.0000    0.8000         2
         726     0.6667    1.0000    0.8000         2
         727     1.0000    1.0000    1.0000         2
         728     0.3333    0.5000    0.4000         2
         729     0.6667    1.0000    0.8000         2
         730     0.6667    1.0000    0.8000         2
         731     1.0000    1.0000    1.0000         2
         732     1.0000    1.0000    1.0000         2
         733     1.0000    1.0000    1.0000         2
         734     1.0000    1.0000    1.0000         2
         735     1.0000    1.0000    1.0000         2
         736     0.3333    0.5000    0.4000         2
         737     1.0000    1.0000    1.0000         2
         738     0.6667    1.0000    0.8000         2
         739     1.0000    0.5000    0.6667         2
         740     0.5000    1.0000    0.6667         2
         741     1.0000    1.0000    1.0000         2
         742     1.0000    1.0000    1.0000         2
         743     1.0000    1.0000    1.0000         2
         744     0.5000    1.0000    0.6667         2
         745     0.5000    0.5000    0.5000         2
         746     0.5000    0.5000    0.5000         2
         747     1.0000    1.0000    1.0000         2
         748     1.0000    1.0000    1.0000         2
         749     0.6667    1.0000    0.8000         2
         750     0.0000    0.0000    0.0000         2
         751     1.0000    1.0000    1.0000         2
         752     0.6667    1.0000    0.8000         2
         753     1.0000    1.0000    1.0000         2
         754     1.0000    1.0000    1.0000         2
         755     1.0000    0.5000    0.6667         2
         756     1.0000    1.0000    1.0000         2
         757     0.6667    1.0000    0.8000         2
         758     0.5000    0.5000    0.5000         2
         759     0.6667    1.0000    0.8000         2
         760     1.0000    1.0000    1.0000         2
         761     0.0000    0.0000    0.0000         2
         762     1.0000    0.5000    0.6667         2
         763     1.0000    0.5000    0.6667         2
         764     1.0000    0.5000    0.6667         2
         765     1.0000    1.0000    1.0000         2
         766     0.0000    0.0000    0.0000         2
         767     1.0000    1.0000    1.0000         2
         768     1.0000    0.5000    0.6667         2
         769     0.5000    0.5000    0.5000         2
         770     1.0000    0.5000    0.6667         2
         771     1.0000    1.0000    1.0000         2
         772     0.5000    0.5000    0.5000         2
         773     0.4000    1.0000    0.5714         2
         774     1.0000    1.0000    1.0000         2
         775     0.0000    0.0000    0.0000         2
         776     1.0000    1.0000    1.0000         2
         777     1.0000    1.0000    1.0000         2
         778     1.0000    1.0000    1.0000         2
         779     0.5000    1.0000    0.6667         2
         780     1.0000    0.5000    0.6667         2
         781     1.0000    0.5000    0.6667         2
         782     1.0000    1.0000    1.0000         2
         783     1.0000    1.0000    1.0000         2
         784     1.0000    1.0000    1.0000         2
         785     0.6667    1.0000    0.8000         2
         786     1.0000    1.0000    1.0000         2
         787     1.0000    1.0000    1.0000         2
         788     1.0000    0.5000    0.6667         2
         789     0.6667    1.0000    0.8000         2
         790     0.0000    0.0000    0.0000         2
         791     0.0000    0.0000    0.0000         2
         792     0.0000    0.0000    0.0000         2
         793     0.6667    1.0000    0.8000         2
         794     0.5000    0.5000    0.5000         2
         795     0.6667    1.0000    0.8000         2
         796     1.0000    1.0000    1.0000         2
         797     1.0000    1.0000    1.0000         2
         798     0.5000    1.0000    0.6667         2
         799     0.0000    0.0000    0.0000         2
         800     1.0000    1.0000    1.0000         2
         801     1.0000    1.0000    1.0000         2
         802     1.0000    1.0000    1.0000         2
         803     1.0000    1.0000    1.0000         2
         804     0.5000    0.5000    0.5000         2
         805     1.0000    0.5000    0.6667         2
         806     0.6667    1.0000    0.8000         2
         807     0.0000    0.0000    0.0000         2
         808     1.0000    1.0000    1.0000         2
         809     0.5000    0.5000    0.5000         2
         810     0.6667    1.0000    0.8000         2
         811     1.0000    1.0000    1.0000         2
         812     1.0000    1.0000    1.0000         2
         813     1.0000    1.0000    1.0000         2
         814     0.6667    1.0000    0.8000         2
         815     0.5000    0.5000    0.5000         2
         816     0.0000    0.0000    0.0000         2
         817     0.5000    0.5000    0.5000         2
         818     0.5000    1.0000    0.6667         2
         819     0.6667    1.0000    0.8000         2
         820     1.0000    1.0000    1.0000         2
         821     0.5000    0.5000    0.5000         2
         822     1.0000    1.0000    1.0000         2
         823     0.5000    0.5000    0.5000         2
         824     1.0000    1.0000    1.0000         2
         825     1.0000    1.0000    1.0000         2
         826     0.5000    1.0000    0.6667         2
         827     1.0000    1.0000    1.0000         2
         828     0.0000    0.0000    0.0000         2
         829     1.0000    1.0000    1.0000         2
         830     1.0000    1.0000    1.0000         2
         831     1.0000    1.0000    1.0000         2
         832     1.0000    0.5000    0.6667         2
         833     1.0000    0.5000    0.6667         2
         834     0.5000    1.0000    0.6667         2
         835     1.0000    1.0000    1.0000         2
         836     1.0000    0.5000    0.6667         2
         837     0.6667    1.0000    0.8000         2
         838     0.5000    0.5000    0.5000         2
         839     1.0000    0.5000    0.6667         2
         840     1.0000    0.5000    0.6667         2
         841     0.6667    1.0000    0.8000         2
         842     1.0000    1.0000    1.0000         2
         843     1.0000    0.5000    0.6667         2
         844     1.0000    1.0000    1.0000         2
         845     1.0000    1.0000    1.0000         2
         846     1.0000    0.5000    0.6667         2
         847     0.0000    0.0000    0.0000         2
         848     1.0000    1.0000    1.0000         2
         849     1.0000    1.0000    1.0000         2
         850     1.0000    1.0000    1.0000         2
         851     0.6667    1.0000    0.8000         2
         852     0.6667    1.0000    0.8000         2
         853     1.0000    0.5000    0.6667         2
         854     0.3333    0.5000    0.4000         2
         855     0.5000    0.5000    0.5000         2
         856     1.0000    1.0000    1.0000         2
         857     1.0000    1.0000    1.0000         2
         858     1.0000    1.0000    1.0000         2
         859     1.0000    1.0000    1.0000         2
         860     1.0000    1.0000    1.0000         2
         861     1.0000    1.0000    1.0000         2
         862     1.0000    1.0000    1.0000         2
         863     1.0000    1.0000    1.0000         2
         864     1.0000    0.5000    0.6667         2
         865     1.0000    1.0000    1.0000         2
         866     1.0000    0.5000    0.6667         2
         867     0.0000    0.0000    0.0000         2
         868     1.0000    1.0000    1.0000         2
         869     0.0000    0.0000    0.0000         2
         870     0.5000    0.5000    0.5000         2
         871     1.0000    1.0000    1.0000         2
         872     1.0000    1.0000    1.0000         2
         873     1.0000    1.0000    1.0000         2
         874     1.0000    1.0000    1.0000         2
         875     0.6667    1.0000    0.8000         2
         876     1.0000    1.0000    1.0000         2
         877     0.6667    1.0000    0.8000         2
         878     1.0000    1.0000    1.0000         2
         879     1.0000    1.0000    1.0000         2
         880     1.0000    0.5000    0.6667         2
         881     1.0000    0.5000    0.6667         2
         882     1.0000    1.0000    1.0000         2
         883     0.6667    1.0000    0.8000         2
         884     1.0000    0.5000    0.6667         2
         885     0.5000    1.0000    0.6667         2
         886     1.0000    1.0000    1.0000         2
         887     1.0000    1.0000    1.0000         2
         888     0.5000    1.0000    0.6667         2
         889     1.0000    0.5000    0.6667         2
         890     1.0000    1.0000    1.0000         2
         891     0.6667    1.0000    0.8000         2
         892     1.0000    1.0000    1.0000         2
         893     1.0000    1.0000    1.0000         2
         894     0.3333    0.5000    0.4000         2
         895     1.0000    1.0000    1.0000         2
         896     1.0000    1.0000    1.0000         2
         897     1.0000    1.0000    1.0000         2
         898     0.5000    0.5000    0.5000         2
         899     1.0000    1.0000    1.0000         2
         900     1.0000    0.5000    0.6667         2
         901     0.0000    0.0000    0.0000         2
         902     0.6667    1.0000    0.8000         2
         903     0.0000    0.0000    0.0000         2
         904     0.5000    1.0000    0.6667         2
         905     1.0000    1.0000    1.0000         2
         906     1.0000    1.0000    1.0000         2
         907     1.0000    1.0000    1.0000         2
         908     1.0000    1.0000    1.0000         2
         909     1.0000    1.0000    1.0000         2
         910     1.0000    1.0000    1.0000         2
         911     1.0000    1.0000    1.0000         2
         912     0.5000    0.5000    0.5000         2
         913     1.0000    1.0000    1.0000         2
         914     0.3333    0.5000    0.4000         2
         915     1.0000    0.5000    0.6667         2
         916     0.6667    1.0000    0.8000         2
         917     1.0000    0.5000    0.6667         2
         918     1.0000    1.0000    1.0000         2
         919     0.5000    1.0000    0.6667         2
         920     1.0000    1.0000    1.0000         2
         921     0.3333    0.5000    0.4000         2
         922     1.0000    0.5000    0.6667         2
         923     1.0000    0.5000    0.6667         2
         924     1.0000    1.0000    1.0000         2
         925     0.6667    1.0000    0.8000         2
         926     1.0000    1.0000    1.0000         2
         927     1.0000    1.0000    1.0000         2
         928     1.0000    1.0000    1.0000         2
         929     0.0000    0.0000    0.0000         2
         930     1.0000    1.0000    1.0000         2
         931     1.0000    1.0000    1.0000         2
         932     1.0000    1.0000    1.0000         2
         933     1.0000    0.5000    0.6667         2
         934     0.0000    0.0000    0.0000         2
         935     0.6667    1.0000    0.8000         2
         936     0.5000    0.5000    0.5000         2
         937     0.0000    0.0000    0.0000         2
         938     0.0000    0.0000    0.0000         2
         939     1.0000    1.0000    1.0000         2
         940     1.0000    1.0000    1.0000         2
         941     1.0000    1.0000    1.0000         2
         942     1.0000    1.0000    1.0000         2
         943     1.0000    0.5000    0.6667         2
         944     0.6667    1.0000    0.8000         2
         945     1.0000    1.0000    1.0000         2
         946     1.0000    1.0000    1.0000         2
         947     1.0000    1.0000    1.0000         2
         948     0.5000    0.5000    0.5000         2
         949     0.6667    1.0000    0.8000         2
         950     0.6667    1.0000    0.8000         2
         951     0.6667    1.0000    0.8000         2
         952     1.0000    1.0000    1.0000         2
         953     0.0000    0.0000    0.0000         2
         954     0.5000    0.5000    0.5000         2
         955     1.0000    1.0000    1.0000         2
         956     1.0000    1.0000    1.0000         2
         957     1.0000    0.5000    0.6667         2
         958     1.0000    0.5000    0.6667         2
         959     1.0000    0.5000    0.6667         2
         960     1.0000    1.0000    1.0000         2
         961     1.0000    1.0000    1.0000         2
         962     0.0000    0.0000    0.0000         2
         963     0.6667    1.0000    0.8000         2
         964     0.0000    0.0000    0.0000         2
         965     0.6667    1.0000    0.8000         2
         966     0.3333    0.5000    0.4000         2
         967     0.0000    0.0000    0.0000         2
         968     0.5000    1.0000    0.6667         2
         969     1.0000    1.0000    1.0000         2
         970     0.6667    1.0000    0.8000         2
         971     0.6667    1.0000    0.8000         2
         972     1.0000    1.0000    1.0000         2
         973     1.0000    1.0000    1.0000         2
         974     0.5000    1.0000    0.6667         2
         975     0.6667    1.0000    0.8000         2
         976     1.0000    1.0000    1.0000         2
         977     0.6667    1.0000    0.8000         2
         978     0.5000    1.0000    0.6667         2
         979     1.0000    1.0000    1.0000         2
         980     0.6667    1.0000    0.8000         2
         981     1.0000    0.5000    0.6667         2
         982     0.6667    1.0000    0.8000         2
         983     1.0000    1.0000    1.0000         2
         984     1.0000    1.0000    1.0000         2
         985     1.0000    1.0000    1.0000         2
         986     1.0000    1.0000    1.0000         2
         987     1.0000    0.5000    0.6667         2
         988     0.6667    1.0000    0.8000         2
         989     0.5000    0.5000    0.5000         2
         990     0.6667    1.0000    0.8000         2
         991     0.5000    0.5000    0.5000         2
         992     0.6667    1.0000    0.8000         2
         993     1.0000    1.0000    1.0000         2
         994     0.6667    1.0000    0.8000         2
         995     1.0000    1.0000    1.0000         2
         996     1.0000    0.5000    0.6667         2
         997     0.6667    1.0000    0.8000         2
         998     1.0000    1.0000    1.0000         2
         999     0.0000    0.0000    0.0000         2
        1000     0.4000    1.0000    0.5714         2
        1001     1.0000    1.0000    1.0000         2
        1002     0.0000    0.0000    0.0000         2
        1003     1.0000    1.0000    1.0000         2
        1004     0.6667    1.0000    0.8000         2
        1005     1.0000    0.5000    0.6667         2
        1006     0.5000    1.0000    0.6667         2
        1007     0.3333    0.5000    0.4000         2
        1008     0.6667    1.0000    0.8000         2
        1009     0.0000    0.0000    0.0000         2
        1010     1.0000    1.0000    1.0000         2
        1011     0.6667    1.0000    0.8000         2
        1012     1.0000    1.0000    1.0000         2
        1013     1.0000    0.5000    0.6667         2
        1014     1.0000    0.5000    0.6667         2
        1015     0.0000    0.0000    0.0000         2
        1016     0.5000    0.5000    0.5000         2
        1017     1.0000    1.0000    1.0000         2
        1018     1.0000    0.5000    0.6667         2
        1019     1.0000    1.0000    1.0000         2
        1020     0.6667    1.0000    0.8000         2
        1021     0.5000    1.0000    0.6667         2
        1022     1.0000    1.0000    1.0000         2
        1023     1.0000    1.0000    1.0000         2
        1024     1.0000    1.0000    1.0000         2
        1025     0.6667    1.0000    0.8000         2
        1026     1.0000    1.0000    1.0000         2
        1027     1.0000    1.0000    1.0000         2
        1028     0.6667    1.0000    0.8000         2
        1029     1.0000    1.0000    1.0000         2
        1030     0.0000    0.0000    0.0000         2
        1031     0.6667    1.0000    0.8000         2
        1032     1.0000    1.0000    1.0000         2
        1033     1.0000    0.5000    0.6667         2
        1034     1.0000    0.5000    0.6667         2
        1035     1.0000    1.0000    1.0000         2
        1036     0.5000    1.0000    0.6667         2
        1037     0.6667    1.0000    0.8000         2
        1038     1.0000    1.0000    1.0000         2
        1039     0.0000    0.0000    0.0000         2
        1040     0.0000    0.0000    0.0000         2
        1041     1.0000    1.0000    1.0000         2
        1042     1.0000    0.5000    0.6667         2
        1043     1.0000    1.0000    1.0000         2
        1044     1.0000    1.0000    1.0000         2
        1045     1.0000    1.0000    1.0000         2
        1046     1.0000    1.0000    1.0000         2
        1047     1.0000    1.0000    1.0000         2
        1048     0.0000    0.0000    0.0000         2
        1049     1.0000    1.0000    1.0000         2
        1050     1.0000    0.5000    0.6667         2
        1051     0.6667    1.0000    0.8000         2
        1052     1.0000    0.5000    0.6667         2
        1053     1.0000    1.0000    1.0000         2
        1054     1.0000    1.0000    1.0000         2
        1055     1.0000    1.0000    1.0000         2
        1056     0.0000    0.0000    0.0000         2
        1057     1.0000    1.0000    1.0000         2
        1058     1.0000    0.5000    0.6667         2
        1059     1.0000    1.0000    1.0000         2
        1060     0.5000    1.0000    0.6667         2
        1061     1.0000    1.0000    1.0000         2
        1062     1.0000    0.5000    0.6667         2
        1063     1.0000    1.0000    1.0000         2
        1064     1.0000    1.0000    1.0000         2
        1065     1.0000    1.0000    1.0000         2
        1066     1.0000    1.0000    1.0000         2
        1067     1.0000    1.0000    1.0000         2
        1068     0.6667    1.0000    0.8000         2
        1069     0.0000    0.0000    0.0000         2
        1070     1.0000    0.5000    0.6667         2
        1071     1.0000    1.0000    1.0000         2
        1072     1.0000    1.0000    1.0000         2
        1073     0.6667    1.0000    0.8000         2
        1074     0.6667    1.0000    0.8000         2
        1075     1.0000    1.0000    1.0000         2
        1076     0.0000    0.0000    0.0000         2
        1077     1.0000    1.0000    1.0000         2
        1078     1.0000    1.0000    1.0000         2
        1079     1.0000    0.5000    0.6667         2
        1080     1.0000    1.0000    1.0000         2
        1081     1.0000    0.5000    0.6667         2
        1082     1.0000    0.5000    0.6667         2
        1083     1.0000    1.0000    1.0000         2
        1084     1.0000    0.5000    0.6667         2
        1085     1.0000    1.0000    1.0000         2
        1086     1.0000    1.0000    1.0000         2
        1087     0.0000    0.0000    0.0000         2
        1088     0.6667    1.0000    0.8000         2
        1089     0.2857    1.0000    0.4444         2
        1090     0.6667    1.0000    0.8000         2
        1091     1.0000    0.5000    0.6667         2
        1092     0.6667    1.0000    0.8000         2
        1093     1.0000    1.0000    1.0000         2
        1094     0.6667    1.0000    0.8000         2
        1095     1.0000    0.5000    0.6667         2
        1096     1.0000    1.0000    1.0000         2
        1097     1.0000    0.5000    0.6667         2
        1098     1.0000    1.0000    1.0000         2
        1099     0.0000    0.0000    0.0000         2
        1100     1.0000    1.0000    1.0000         2
        1101     1.0000    1.0000    1.0000         2
        1102     1.0000    0.5000    0.6667         2
        1103     1.0000    1.0000    1.0000         2
        1104     1.0000    1.0000    1.0000         2
        1105     1.0000    1.0000    1.0000         2
        1106     0.6667    1.0000    0.8000         2
        1107     1.0000    0.5000    0.6667         2
        1108     1.0000    1.0000    1.0000         2
        1109     1.0000    1.0000    1.0000         2
        1110     1.0000    1.0000    1.0000         2
        1111     0.6667    1.0000    0.8000         2
        1112     0.0000    0.0000    0.0000         2
        1113     1.0000    1.0000    1.0000         2
        1114     0.5000    0.5000    0.5000         2
        1115     1.0000    1.0000    1.0000         2
        1116     1.0000    1.0000    1.0000         2
        1117     0.0000    0.0000    0.0000         2
        1118     1.0000    1.0000    1.0000         2
        1119     1.0000    1.0000    1.0000         2
        1120     0.0000    0.0000    0.0000         2
        1121     1.0000    1.0000    1.0000         2
        1122     0.3333    0.5000    0.4000         2
        1123     0.5000    1.0000    0.6667         2
        1124     1.0000    1.0000    1.0000         2
        1125     1.0000    1.0000    1.0000         2
        1126     1.0000    1.0000    1.0000         2
        1127     0.6667    1.0000    0.8000         2
        1128     1.0000    0.5000    0.6667         2
        1129     1.0000    1.0000    1.0000         2
        1130     0.0000    0.0000    0.0000         2
        1131     1.0000    1.0000    1.0000         2
        1132     0.2500    0.5000    0.3333         2
        1133     1.0000    1.0000    1.0000         2
        1134     0.6667    1.0000    0.8000         2
        1135     1.0000    0.5000    0.6667         2
        1136     1.0000    1.0000    1.0000         2
        1137     1.0000    1.0000    1.0000         2
        1138     1.0000    1.0000    1.0000         2
        1139     0.6667    1.0000    0.8000         2
        1140     0.2000    0.5000    0.2857         2
        1141     1.0000    1.0000    1.0000         2
        1142     0.6667    1.0000    0.8000         2
        1143     1.0000    1.0000    1.0000         2
        1144     1.0000    1.0000    1.0000         2
        1145     0.3333    0.5000    0.4000         2
        1146     1.0000    0.5000    0.6667         2
        1147     0.0000    0.0000    0.0000         2
        1148     0.0000    0.0000    0.0000         2
        1149     0.6667    1.0000    0.8000         2
        1150     1.0000    1.0000    1.0000         2
        1151     0.6667    1.0000    0.8000         2
        1152     0.3333    0.5000    0.4000         2
        1153     1.0000    1.0000    1.0000         2
        1154     1.0000    0.5000    0.6667         2
        1155     1.0000    0.5000    0.6667         2
        1156     0.6667    1.0000    0.8000         2
        1157     1.0000    0.5000    0.6667         2
        1158     0.5000    1.0000    0.6667         2
        1159     1.0000    1.0000    1.0000         2
        1160     0.0000    0.0000    0.0000         2
        1161     1.0000    1.0000    1.0000         2
        1162     0.3333    0.5000    0.4000         2
        1163     0.5000    0.5000    0.5000         2
        1164     1.0000    1.0000    1.0000         2
        1165     0.6667    1.0000    0.8000         2
        1166     1.0000    0.5000    0.6667         2
        1167     1.0000    1.0000    1.0000         2
        1168     1.0000    1.0000    1.0000         2
        1169     1.0000    0.5000    0.6667         2
        1170     1.0000    1.0000    1.0000         2
        1171     1.0000    0.5000    0.6667         2
        1172     1.0000    1.0000    1.0000         2

    accuracy                         0.7724      2346
   macro avg     0.7674    0.7724    0.7463      2346
weighted avg     0.7674    0.7724    0.7463      2346
